SRS = EPSG:32610
DOMAIN_TE = 707101.552700081 4235130.03299119 767101.552700081 4295130.03299119
WX_TE = 701101.552700081 4229130.03299119 773101.552700081 4301130.03299119
WX_BEGIN =  2011-01-30 00:00
WX_END = 2011-01-30 00:00
CENTER_LON = -120.28099822998047
CENTER_LAT = 38.50299835205078
